46100 0 10 10
49706 1 10 11
46094 1 10 11
76346 2 10 12
46095 2 10 12
328346 3 10 13
626 4 8 12
56258 3 10 13
56180 4 8 12
56185 4 8 12
56184 5 6 11
56174 5 8 13
388 5 8 13
218 5 8 13
140 6 6 12
145 6 6 12
144 7 4 11
134 7 6 13
46178 1 12 13
46105 2 10 12
46104 3 8 11
135 8 6 14
385 6 8 14
384 7 6 13
56175 6 8 14
46125 4 10 14
165 8 6 14
56205 6 8 14
46097 3 12 15
59786 5 10 15
4586 7 8 15
148 7 8 15
46198 3 12 15
46174 4 10 14
46160 5 8 13
46185 5 10 15
49780 5 10 15
49731 5 10 15
56265 7 8 15
225 9 6 15
56188 5 10 15
46108 3 12 15
46682 2 14 16
76353 8 8 16
201 10 6 16
200 11 4 15
633 10 6 16
46161 6 10 16
76420 6 10 16
77042 2 14 16
54722 3 12 15
56241 8 8 16
56240 9 6 15
36242 6 10 16
56762 4 12 16
51860 4 12 16
405 8 8 16
76371 6 10 16
46444 3 14 17
49713 9 8 17
137 9 8 17
395 11 6 17
59811 7 10 17
238 9 8 17
71380 7 10 17
71302 8 8 16
71288 9 6 15
71307 8 8 16
51854 5 12 17
61299 7 10 17
61221 8 8 16
61200 9 6 15
328371 7 10 17
651 8 8 16
71306 9 8 17
339 9 8 17
261 10 6 16
240 11 4 15
413 9 8 17
56177 7 10 17
56278 7 10 17
56524 5 12 17
51938 5 12 17
51865 6 10 16
51864 7 8 15
458 7 10 17
380 8 8 16
329042 3 14 17
1322 4 12 16
374 9 8 17
818 5 12 17
740 6 10 16
745 6 10 16
744 7 8 15
4346 7 10 17
734 7 10 17
1084 5 12 17
328420 7 10 17
700 8 8 16
9602 7 10 17
4611 9 8 17
328353 9 8 17
580 9 8 17
502 10 6 16
488 11 4 15
507 10 6 16
436 9 8 17
506 11 6 17
56769 8 10 18
315 10 8 18
314 11 6 17
433 10 8 18
56814 6 12 18
51885 8 10 18
46441 4 14 18
46440 5 12 17
47565 10 8 18
47544 11 6 17
77062 4 14 18
54742 5 12 17
46734 4 14 18
36249 10 8 18
214 12 6 18
46723 4 14 18
54022 6 12 18
54008 7 10 17
35546 8 10 18
735 8 10 18
1081 6 12 18
1080 7 10 17
648 8 10 18
46702 4 14 18
489 12 6 18
646 10 8 18
393 12 6 18
392 13 4 17
77049 6 12 18
54729 7 10 17
46689 6 12 18
61275 8 10 18
61274 9 8 17
52581 8 10 18
52560 9 8 17
765 8 10 18
51855 6 12 18
5900 8 10 18
71289 10 8 18
411 10 8 18
410 11 6 17
241 12 6 18
77786 6 12 18
61201 10 8 18
76366 8 10 18
56521 6 12 18
56520 7 10 17
56254 10 8 18
334202 3 16 19
46163 7 12 19
4826 9 10 19
748 7 12 19
56531 9 10 19
4851 9 10 19
54777 9 10 19
4707 11 8 19
51868 7 12 19
457 11 8 19
379 12 6 18
366 13 4 17
49726 9 10 19
64827 9 10 19
329786 7 12 19
2066 8 10 18
1658 9 8 17
1585 10 6 16
1584 11 4 15
1580 10 8 18
1605 12 6 18
344282 5 14 19
5894 9 10 19
1828 9 10 19
4442 11 8 19
1574 11 8 19
4497 13 6 19
1665 13 6 19
1588 11 8 19
71309 9 10 19
74908 9 10 19
52659 9 10 19
4371 9 10 19
825 9 10 19
465 9 10 19
46451 7 12 19
400 11 8 19
397 12 6 18
329049 7 12 19
396 13 6 19
336 9 10 19
258 10 8 18
46456 5 14 19
252 11 8 19
10298 9 10 19
10225 10 8 18
10224 11 6 17
54100 7 12 19
54027 8 10 18
9609 11 8 19
54026 9 10 19
46315 5 14 19
46291 6 12 18
46278 7 10 17
50023 7 12 19
46422 5 14 19
46362 6 12 18
329062 5 14 19
1342 6 12 18
203 11 8 19
51945 9 10 19
46356 7 12 19
50094 7 12 19
1096 7 12 19
56502 7 12 19
56442 8 10 18
509 11 8 19
56243 9 10 19
323522 7 12 19
432 11 8 19
4948 11 8 19
56436 9 10 19
36842 6 14 20
14522 7 12 19
117482 4 16 20
95162 5 14 19
81458 5 14 19
81380 6 12 18
81385 6 12 18
81384 7 10 17
84986 7 12 19
81374 7 12 19
46453 6 14 20
10245 12 8 20
10706 10 10 20
10220 10 10 20
11660 8 12 20
92300 6 14 20
81375 8 12 20
335 12 8 20
619 10 10 20
115 11 8 19
91 12 6 18
78 13 4 17
674 8 12 20
292 9 10 19
71327 10 10 20
1329 10 10 20
198122 6 14 20
162098 7 12 19
162020 8 10 18
162025 8 10 18
162024 9 8 17
162014 9 10 19
56782 8 12 20
36363 10 10 20
37682 10 10 20
19682 11 8 19
15980 12 6 18
15974 13 6 19
162015 10 10 20
56803 8 12 20
56395 9 10 19
56371 10 8 18
56358 11 6 17
46449 8 12 20
46448 9 10 19
46461 6 14 20
56529 10 10 20
56528 11 8 19
56341 10 10 20
56359 12 8 20
367 14 6 20
49006 10 10 20
48992 11 8 19
15975 14 6 20
56541 8 12 20
52442 6 14 20
36262 10 10 20
441 10 10 20
440 11 8 19
402 14 6 20
78507 10 10 20
162045 10 10 20
61 12 8 20
1825 10 10 20
1824 11 8 19
76483 10 10 20
81405 8 12 20
52635 10 10 20
52634 11 8 19
71884 8 12 20
1101 8 12 20
406 14 6 20
51921 10 10 20
1575 12 8 20
5895 10 10 20
801 10 10 20
800 11 8 19
36482 8 12 20
527 12 8 20
289 10 10 20
288 11 8 19
77811 8 12 20
79 14 6 20
54009 8 12 20
46279 8 12 20
76663 8 12 20
61295 10 10 20
1641 14 6 20
7461 12 8 20
7440 13 6 19
61803 8 12 20
46261 6 14 20
375 10 10 20
35571 10 10 20
52561 10 10 20
81962 6 14 20
431 12 8 20
56455 8 12 20
56454 9 10 19
629 12 8 20
162602 8 12 20
47545 12 8 20
36604 10 10 20
77793 10 10 20
59793 11 8 19
46375 6 14 20
46374 7 12 19
57645 12 8 20
57624 13 6 19
1093 8 12 20
35306 8 12 20
76734 8 12 20
322826 9 12 21
9964 11 10 21
328368 9 12 21
56624 7 14 21
56564 8 12 20
10468 11 10 21
10214 11 10 21
10228 11 10 21
92294 7 14 21
61304 11 10 21
61244 12 8 20
592 13 8 21
4704 11 10 21
1640 15 6 21
9842 9 12 21
56558 9 12 21
61238 13 8 21
15218 9 12 21
15140 10 10 20
15145 10 10 20
15144 11 8 19
328734 9 12 21
334243 5 16 21
15134 11 10 21
474 13 8 21
450 14 6 20
444 15 4 19
56340 11 10 21
1092 9 12 21
56536 9 12 21
56533 10 10 20
329793 11 10 21
344334 7 14 21
56532 11 10 21
162364 9 12 21
9723 11 10 21
221 13 8 21
143 14 6 20
122 15 4 19
461 11 10 21
383 12 8 20
362 13 6 19
363 14 6 20
334254 5 16 21
61565 9 12 21
365 15 6 21
20499 11 10 21
46260 7 14 21
377 11 10 21
4825 13 8 21
71623 9 12 21
71563 10 10 20
71550 11 8 19
1091 11 10 21
244 13 8 21
46303 9 12 21
328663 9 12 21
50163 7 14 21
82 15 6 21
46544 5 16 21
46484 6 14 20
61204 11 10 21
329811 9 12 21
2091 10 10 20
50216 7 14 21
46478 7 14 21
1779 11 10 21
1853 11 10 21
71291 11 10 21
344 13 8 21
284 14 6 20
9622 11 10 21
278 15 6 21
59860 11 10 21
4803 9 12 21
51920 11 10 21
4660 13 8 21
71764 9 12 21
1179 9 12 21
81465 9 12 21
85011 9 12 21
51857 7 14 21
5978 9 12 21
5905 10 10 20
5904 11 8 19
334209 7 14 21
323529 11 10 21
64 13 8 21
162105 11 10 21
61277 9 12 21
473 13 8 21
443 11 10 21
52204 7 14 21
838 9 12 21
328366 11 10 21
491 13 8 21
370 15 6 21
49843 11 10 21
334222 5 16 21
56383 13 8 21
60103 11 10 21
1184 7 14 21
1124 8 12 20
737 9 12 21
16058 13 8 21
15985 14 6 20
15984 15 4 19
330507 11 10 21
2787 12 8 20
2379 13 6 19
2301 14 6 20
2280 15 4 19
2355 14 6 20
2354 15 4 19
165626 9 12 21
81724 7 14 21
317 11 10 21
11654 9 12 21
51958 7 14 21
1118 9 12 21
2549 13 8 21
46452 7 14 21
103 15 6 21
81388 7 14 21
344289 9 12 21
54029 9 12 21
4537 13 8 21
47625 11 10 21
71392 11 10 21
4449 15 6 21
175802 7 14 21
62739 9 12 21
60 13 8 21
328483 11 10 21
162028 9 12 21
10305 13 8 21
4856 9 12 21
60174 9 12 21
35786 10 12 22
15165 12 10 22
1755 12 10 22
1754 13 8 21
8902 12 10 22
8888 13 8 21
81969 10 12 22
71761 10 12 22
656 14 8 22
76368 10 12 22
71599 10 12 22
36489 10 12 22
1701 12 10 22
1680 13 8 21
1374 8 14 22
167743 10 12 22
167117 11 10 21
167115 12 8 20
167114 13 8 21
167139 13 8 21
167061 14 6 20
167040 15 4 19
20475 12 10 22
20474 13 8 21
171 14 8 22
253 12 10 22
35908 12 10 22
54047 10 12 22
20421 12 10 22
20400 13 8 21
167041 16 6 22
35667 12 10 22
20811 12 10 22
10465 12 10 22
10464 13 8 21
35457 14 8 22
161906 10 12 22
161498 11 10 21
161425 12 8 20
161424 13 6 19
76856 8 14 22
6262 12 10 22
6248 13 8 21
36360 10 12 22
681 10 12 22
299 11 10 21
15722 10 12 22
711 12 10 22
161445 14 8 22
550 14 8 22
536 15 6 21
297 12 10 22
296 13 8 21
712 14 8 22
37689 14 8 22
19689 15 6 21
198174 8 14 22
35402 12 10 22
5138 13 8 21
5060 14 6 20
5065 14 6 20
5064 15 4 19
5054 15 6 21
53163 10 12 22
208014 10 12 22
207388 11 10 21
207385 12 8 20
207384 13 6 19
445 16 6 22
56346 12 10 22
5085 16 6 22
5055 16 6 22
611 14 8 22
107 15 6 21
207405 14 8 22
56538 12 10 22
123 16 6 22
603 16 6 22
99 17 4 21
21 18 2 20
0 19 0 19
